750
575
428 735
603 269
195 572
124 689
304 543
995 765
259 401
637 461
659 207
91 930
88 465
511 589
438 753
119 162
662 20
95 607
846 760
157 758
155 126
915 146
600 885
770 394
101 620
322 525
46 422
199 84
974 427
740 169
847 841
853 670
912 481
789 929
996 336
634 466
68 188
916 2
71 150
51 224
892 270
723
499
534 609
490 548
454 227
475 59
824 234
93 128
871 405
788 130
280 612
825 108
977 947
701 355
982 622
134 231
808 129
683 866
876 482
936
814 624
660 152
341 838
49 524
635 571
26 403
257 168
896
872 949
386 253
794 331
67 464
31 244
92
153 715
688
80 418
173 544
744 993
873 973
367
47 165
769 291
118 399
937 697
297 763
633 407
958 862
137 131
260
382 337
256 338
685 61
236 991
409 858
200 458
408 182
172 800
72 716
115 967
344 547
836
383 443
391
581 64
946 566
681 868
79 903
178
432 781
710 105
643 160
468
27 699
553 252
577 271
590 426
368 376
366 737
76 395
345 861
102 619
320
263 285
943 36
69 402
313
661 840
262 246
751 392
961 517
969
833 243
97 676
96 353
828 151
783 424
0 952
471 759
595 909
918 674
23
960 901
721 927
410 884
578 290
832 415
470 521
264 375
364
133 573
300
810 545
529 190
25
856 902
349
528 171
32 373
44 191
104 204
318 445
813 625
109
820
979 359
138 717
175 583
198 484
143 413
436
196
321 86
66 214
709 494
6 585
114 714
981 696
932 953
385 911
469 250
474 818
99 498
550
615 968
552 910
144 965
237 608
934 444
537 817
156 185
805 501
478 752
956 990
617 631
116 632
242 273
679
819
980 85
749 414
457
215 586
657 503
452 289
726 15
352
371 372
287
113
782 447
327 562
945 248
365 698
324 695
434 40
941 628
957 904
513 183
703 837
686 495
742
951
125
835 795
579 857
94 522
10 288
940 673
70
154
483
510 147
238 82
476 206
975
920 161
894 18
8 37
664 496
103
286
388 563
919 518
492 653
307 65
720 928
787
350 330
879 897
30 564
363 335
281
450
81
725
472
793 223
558 180
343 249
705 801
117 295
614
7
963
4
823
844
999 527
278
219
741
611
348
984 898
785
384 568
512 675
834 57
462
707
745
451
618 630
89
852
878
599 651
598 398
580 582
636 762
361
277
728
533
28
218 883
241
266 881
786
306 542
855
221 459
301
488
736
601 797
939
526
731 55
986
774 163
437 12
802
985 816
389
54 339
962
393
123 796
806 700
666 882
509
557
644
309
536
34
433
605
964
591
535 226
541
942
381
848
933
356
992
641
487 523
850
899
239
684 417
978
722
296
479
938
53 988
362
790
976
319
390 310
83
860
891 798
998
997
588
645
983
845
712
750 58
732
283
665 158
746
913
638
706
888
702
648
743
711 668
809
921
11
298
216
560
576
3
387
430
333
45
827
773 419
193
994
141
449 587
784
460
874
549
654
197
60
9
22
775
441
90
314
52 455
136
639
594
830
567
596
416
332
778
340
604
663
870
531
559
302
505
63
804
276
299
677
435
268
516
265
799
453
875
317
486
532
877
678
747
656
258
508
539
210
245
148
411
682
613
727
463
905
13
606
230
497
275
561
647
500
924
261
593
303
282
687
48
935
551
493
826
100
74
807
574
530
1
658
279
704
174
240
554
812
729
922
880
78
811
890
24
761
251
803
312
655
954
592
346
724
201
121
220
98
140
768
145
247
255
917
176
849
627
959
323
923
556
431
815
254
181
730
29
680
616
75
491
893
347
329
972
829
73
931
217
127
955
538
640
821
646
50
831
555
602
792
342
791
429
326
667
771
914
305
77
473
360
412
584
142
202
440
719
944
135
16
514
222
480
439
772
267
692
120
889
966
35
358
233
515
311
895
420
623
397
950
908
370
159
308
272
987
139
489
649
565
854
379
851
859
328
228
87
211
925
456
900
293
650
597
33
203
38
208
17
316
284
669
865
225
179
777
209
62
477
177
691
887
629
626
205
374
708
886
325
690
369
767
867
520
621
292
693
863
642
192
5
652
396
756
423
111
694
351
357
839
540
377
757
164
780
187
122
671
776
378
39
546
149
400
748
906
672
184
755
56
19
446
406
989
610
294
186
907
14
754
926
106
41
354
718
442
864
713
822
519
235
779
739
380
315
570
764
274
869
213
485
189
734
404
733
42
43
166
504
421
229
232
507
334
506
132
112
502
738
970
21
971
842
843
569
948
107
212
167
110
425
194
467
170
766
448
