750
56
122
141
646
784
766
493
959
569
780
971
722
694
626
477
210
14
43
42
276
268
420
308
989
602
333
317
691
17
649
734
748
16
135
220
859
948
282
194
192
642
639
33
505
506
448
107
351
357
772
592
164
176
132
112
767
976
531
230
741
955
764
354
334
316
621
747
678
515
843
966
738
556
205
374
655
340
170
848
235
397
323
914
575
431
110
293
938
325
441
730
647
538
326
379
854
829
258
74
298
1
819
778
332
702
453
869
574
807
540
842
790
690
486
356
826
77
983
209
45
519
874
692
303
611
346
377
425
785
174
121
791
342
315
136
312
917
75
893
491
184
823
378
733
672
809
380
186
742
713
822
680
412
895
658
667
489
239
520
652
850
591
724
62
560
787
177
446
7
440
839
63
140
925
240
875
193
776
309
536
682
727
908
24
100
849
473
656
213
693
593
283
975
212
851
804
827
565
439
319
997
811
222
514
274
931
29
640
933
142
362
178
279
719
978
597
203
886
406
922
865
669
267
596
255
233
358
60
786
906
442
311
815
605
328
483
229
232
400
821
278
299
39
369
687
604
863
754
421
396
73
460
284
935
526
225
852
430
261
53 750
888
554
987
272
361
352
584
436
844
120
845
610
970
870
663
251
921
3
831
159
391
189
998
347
944
671
718
41
707
502
820
111
570
743
878
245
25
650
812
533
708
393
516
435
594
712
549
35
788 190
860
21
306 542
104 731
627
980 659
389
613
167
265
70
456
900
463
905
736
500
926
106
98
462
9
499
532
507
951
614
986
688
907
208
202
992
641
48
896
936
292
305
530
85 968
84 928
90
586 395
54 607
498 445
648
509
635 527
269 999
729
629
887
644
364
81
450
228
467
360
616
755
348
551
166
296
479
131 512
322 206
777
148
411
923
349
899
756
423
539
451
803
485
302
5
34
433
757
103
677
11
768
89
92
370
23
139
972
704
880
4
963
781 449
313
679
457
541
855
830
429
864
281
504
792
97 934
749 55
783 366
301
187
476 535
201
889
924
13
606
287
211
87
561
275
654
769 945
634 432
468
216
264 545
706
608 548
746
913
320
773 940
300
404
901 927
950
623
739
867
19
559
254
181
994
277
555
775
50
367
38
942
381
954
387
480
576
149
329
877
799
508
939
964
247
145
260
484 676
160 916
771
163 523
618 385
125
550
217
558 47
83
599 673
911 291
22
761
497
196
969
335 384
234 221
802
962
266 418
241
836
487 666
779
46 419
725
472
78
286
728
732
197
127
723
28
645
588
154
745
175 390
113
179
890
109
567
488
557
294
314
416
219
546
638
355 798
958 898
715 941
633 71
601 119
253 290
337 280
985 681
759 897
36 117
86 250
762 965
96 946
603 18
6 398
214 331
696 80
689 564
587 388
630 146
0 492
902 32
61 793
949 510
152 662
495 660
161 126
403 853
207 801
568 371
952 883
437 700
578 858
990 218
324 182
961 547
345 685
65 529
157 884
974 490
2 227
580 711
338 709
979 259
64 518
180 800
582 223
307 892
583 185
643 57
327 79
806 808
95 123
66 494
304 466
236 552
496 447
270 271
579 465
51 699
977 69
903 918
600 751
774 651
598 67
910 285
904 137
705 668
612 637
909 537
625 828
407 248
143 124
474 753
782 929
957 534
566 810
632 72
589 813
631 368
158 461
590 915
88 363
428 30
151 930
834 857
82 444
609 818
585 664
868 832
427 392
805 876
12 710
885 683
44 636
752 995
353 365
438 698
871 134
846 399
321 59
475 824
847 295
740 246
841 657
455 919
973 525
422 517
833 238
310 409
343 26
257 200
837 68
615 191
470 417
252 273
52 116
105 464
172 414
758 297
577 894
237 861
452 967
720 511
165 675
199 947
37 108
981 661
744 58
622 825
129 528
482 226
866 443
350 794
835 434
359 856
717 521
789 817
956 879
571 573
373 330
168 932
763 188
838 881
169 224
183 215
912 288
697 872
341 816
128 242
595 513
686 76
155 503
424 920
478 402
405 133
40 891
628 795
984 862
619 882
198 195
171 413
765 382
695 318
173 714
156 49
102 401
339 684
501 797
93 383
375 372
617 459
263 996
770 937
144 544
993 115
426 31
15 563
91 147
624 27
840 394
735 653
231 410
469 943
953 386
130 674
336 814
737 162
94 244
256 562
481 150
99 524
988 415
703 670
572 118
716 243
760 543
873 701
471 376
101 10
982 522
344 138
153 262
991 204
454 796
726 289
620 249
960 8
721 665
408 458
20 114
581 553
